,Channel,IF,Polar,Frequency,Velocity,Ampl(Jy),Phase
0,1,1,RR,1720.8099,0.0,FLAGGED,
1,2,1,RR,1720.8093,0.0,0.108817E-02,38.371
2,3,1,RR,1720.8087,0.0,0.616074E-03,-53.879
3,4,1,RR,1720.8081,0.0,0.149315E-02,-130.997
4,5,1,RR,1720.8075,0.0,0.125846E-02,-88.584
5,6,1,RR,1720.8069,0.0,0.235956E-02,-149.132
6,7,1,RR,1720.8063,0.0,0.133981E-02,34.219
7,8,1,RR,1720.8057,0.0,0.277519E-02,177.955
8,9,1,RR,1720.805,0.0,0.337434E-03,152.136
9,10,1,RR,1720.8044,0.0,0.267359E-02,113.821
10,11,1,RR,1720.8038,0.0,0.288606E-02,-118.08
11,12,1,RR,1720.8032,0.0,0.278541E-02,-137.064
12,13,1,RR,1720.8026,0.0,0.430994E-03,6.09
13,14,1,RR,1720.802,0.0,0.409223E-02,-160.686
14,15,1,RR,1720.8014,0.0,0.260577E-02,-176.285
15,16,1,RR,1720.8008,0.0,0.422114E-02,-54.773
16,17,1,RR,1720.8002,0.0,0.596766E-02,-145.425
17,18,1,RR,1720.7995,0.0,0.436774E-02,-114.774
18,19,1,RR,1720.7989,0.0,0.484081E-02,-39.565
19,20,1,RR,1720.7983,0.0,0.214726E-02,-12.571
20,21,1,RR,1720.7977,0.0,0.185226E-02,65.01100000000001
21,22,1,RR,1720.7971,0.0,0.667739E-02,86.035
22,23,1,RR,1720.7965,0.0,0.130737E-02,-150.52100000000002
23,24,1,RR,1720.7959,0.0,0.491431E-02,119.23
24,25,1,RR,1720.7953,0.0,0.568869E-02,-127.045
25,26,1,RR,1720.7947,0.0,0.432256E-03,47.442
26,27,1,RR,1720.7941,0.0,0.491294E-03,-49.256
27,28,1,RR,1720.7934,0.0,0.200961E-02,-3.718
28,29,1,RR,1720.7928,0.0,0.509126E-02,-105.286
29,30,1,RR,1720.7922,0.0,0.751536E-02,-101.959
30,31,1,RR,1720.7916,0.0,0.473041E-02,176.986
31,32,1,RR,1720.791,0.0,0.181427E-02,-85.064
32,33,1,RR,1720.7904,0.0,0.454918E-02,8.555
33,34,1,RR,1720.7898,0.0,0.353989E-02,-44.452
34,35,1,RR,1720.7892,0.0,0.410727E-02,-74.75399999999999
35,36,1,RR,1720.7886,0.0,0.298142E-02,118.417
36,37,1,RR,1720.788,0.0,0.184414E-02,13.224
37,38,1,RR,1720.7873,0.0,0.235004E-02,-25.6
38,39,1,RR,1720.7867,0.0,0.460000E-02,-127.49700000000001
39,40,1,RR,1720.7861,0.0,0.386777E-02,150.234
40,41,1,RR,1720.7855,0.0,0.162186E-02,-60.355
41,42,1,RR,1720.7849,0.0,0.112847E-02,-151.15200000000002
42,43,1,RR,1720.7843,0.0,0.178356E-02,-2.862
43,44,1,RR,1720.7837,0.0,0.638492E-02,-86.43700000000001
44,45,1,RR,1720.7831,0.0,0.782733E-02,-137.089
45,46,1,RR,1720.7825,0.0,0.173356E-02,-78.851
46,47,1,RR,1720.7818,0.0,0.846769E-02,159.366
47,48,1,RR,1720.7812,0.0,0.302128E-02,-166.49099999999999
48,49,1,RR,1720.7806,0.0,0.454042E-02,-130.621
49,50,1,RR,1720.78,0.0,0.223291E-02,-93.929
50,51,1,RR,1720.7794,0.0,0.176639E-02,70.423
51,52,1,RR,1720.7788,0.0,0.727985E-02,-178.00799999999998
52,53,1,RR,1720.7782,0.0,0.326218E-02,-111.51100000000001
53,54,1,RR,1720.7776,0.0,0.704908E-02,-136.138
54,55,1,RR,1720.777,0.0,0.238388E-02,-53.141999999999996
55,56,1,RR,1720.7764,0.0,0.371338E-02,83.064
56,57,1,RR,1720.7757,0.0,0.445799E-02,-12.767000000000001
57,58,1,RR,1720.7751,0.0,0.230209E-02,138.503
58,59,1,RR,1720.7745,0.0,0.200980E-02,35.739000000000004
59,60,1,RR,1720.7739,0.0,0.208753E-02,-114.064
60,61,1,RR,1720.7733,0.0,0.217006E-02,-24.326
61,62,1,RR,1720.7727,0.0,0.455588E-02,-110.75399999999999
62,63,1,RR,1720.7721,0.0,0.283974E-02,-43.236000000000004
63,64,1,RR,1720.7715,0.0,0.554897E-02,-154.52
64,65,1,RR,1720.7709,0.0,0.122417E-02,100.43
65,66,1,RR,1720.7703,0.0,0.719637E-02,172.658
66,67,1,RR,1720.7696,0.0,0.212286E-02,-59.876000000000005
67,68,1,RR,1720.769,0.0,0.365489E-02,26.115
68,69,1,RR,1720.7684,0.0,0.350892E-02,-173.72400000000002
69,70,1,RR,1720.7678,0.0,0.250902E-02,63.68600000000001
70,71,1,RR,1720.7672,0.0,0.743073E-02,-7.75
71,72,1,RR,1720.7666,0.0,0.315809E-02,10.507
72,73,1,RR,1720.766,0.0,0.431703E-02,-33.094
73,74,1,RR,1720.7654,0.0,0.348333E-02,-132.38299999999998
74,75,1,RR,1720.7648,0.0,0.697512E-02,-45.17100000000001
75,76,1,RR,1720.7641,0.0,0.333088E-02,-70.533
76,77,1,RR,1720.7635,0.0,0.136479E-02,162.942
77,78,1,RR,1720.7629,0.0,0.305003E-02,-17.885
78,79,1,RR,1720.7623,0.0,0.644625E-02,-89.469
79,80,1,RR,1720.7617,0.0,0.464479E-02,-57.667
80,81,1,RR,1720.7611,0.0,0.601839E-02,36.04
81,82,1,RR,1720.7605,0.0,0.617601E-02,-60.751000000000005
82,83,1,RR,1720.7599,0.0,0.192997E-02,-106.28299999999999
83,84,1,RR,1720.7593,0.0,0.643140E-03,-94.13799999999999
84,85,1,RR,1720.7587,0.0,0.583728E-02,99.65100000000001
85,86,1,RR,1720.758,0.0,0.383051E-02,5.777
86,87,1,RR,1720.7574,0.0,0.990617E-02,46.824
87,88,1,RR,1720.7568,0.0,0.339458E-02,93.93
88,89,1,RR,1720.7562,0.0,0.400680E-02,89.345
89,90,1,RR,1720.7556,0.0,0.486622E-03,66.048
90,91,1,RR,1720.755,0.0,0.650616E-02,5.382999999999999
91,92,1,RR,1720.7544,0.0,0.494642E-02,-143.814
92,93,1,RR,1720.7538,0.0,0.269123E-02,43.718
93,94,1,RR,1720.7532,0.0,0.368868E-02,41.346000000000004
94,95,1,RR,1720.7526,0.0,0.503041E-02,-67.495
95,96,1,RR,1720.7519,0.0,0.221438E-02,-158.138
96,97,1,RR,1720.7513,0.0,0.681037E-02,-47.883
97,98,1,RR,1720.7507,0.0,0.665935E-02,75.819
98,99,1,RR,1720.7501,0.0,0.752724E-02,-103.152
99,100,1,RR,1720.7495,0.0,0.572091E-02,174.979
100,101,1,RR,1720.7489,0.0,0.449311E-02,-131.656
101,102,1,RR,1720.7483,0.0,0.406215E-02,-41.523
102,103,1,RR,1720.7477,0.0,0.386148E-02,-92.09
103,104,1,RR,1720.7471,0.0,0.436825E-02,-62.523
104,105,1,RR,1720.7464,0.0,0.459154E-02,-85.536
105,106,1,RR,1720.7458,0.0,0.110894E-02,9.849
106,107,1,RR,1720.7452,0.0,0.698512E-02,93.63799999999999
107,108,1,RR,1720.7446,0.0,0.230444E-02,134.84799999999998
108,109,1,RR,1720.744,0.0,0.322693E-02,171.65099999999998
109,110,1,RR,1720.7434,0.0,0.434146E-02,136.626
110,111,1,RR,1720.7428,0.0,0.990644E-02,-139.819
111,112,1,RR,1720.7422,0.0,0.371002E-03,160.039
112,113,1,RR,1720.7416,0.0,0.428409E-02,-83.641
113,114,1,RR,1720.741,0.0,0.620308E-02,-139.325
114,115,1,RR,1720.7403,0.0,0.446925E-02,82.14
115,116,1,RR,1720.7397,0.0,0.292586E-02,-130.106
116,117,1,RR,1720.7391,0.0,0.141913E-01,-156.787
117,118,1,RR,1720.7385,0.0,0.260808E-02,150.845
118,119,1,RR,1720.7379,0.0,0.415416E-02,-165.511
119,120,1,RR,1720.7373,0.0,0.123185E-02,-7.845
120,121,1,RR,1720.7367,0.0,0.701545E-02,-158.96200000000002
121,122,1,RR,1720.7361,0.0,0.272352E-02,-82.824
122,123,1,RR,1720.7355,0.0,0.283186E-02,-177.02200000000002
123,124,1,RR,1720.7349,0.0,0.262070E-02,-162.346
124,125,1,RR,1720.7342,0.0,0.758686E-02,-18.608
125,126,1,RR,1720.7336,0.0,0.870246E-02,-99.79899999999999
126,127,1,RR,1720.733,0.0,0.142740E-02,-127.382
127,128,1,RR,1720.7324,0.0,0.313918E-02,-103.39
128,129,1,RR,1720.7318,0.0,0.297232E-02,88.125
129,130,1,RR,1720.7312,0.0,0.280040E-02,21.807
130,131,1,RR,1720.7306,0.0,0.654367E-02,-146.42700000000002
131,132,1,RR,1720.73,0.0,0.240881E-02,-33.247
132,133,1,RR,1720.7294,0.0,0.282016E-02,-40.772
133,134,1,RR,1720.7287,0.0,0.564330E-02,-85.17299999999999
134,135,1,RR,1720.7281,0.0,0.752685E-02,-168.172
135,136,1,RR,1720.7275,0.0,0.386016E-02,-30.421
136,137,1,RR,1720.7269,0.0,0.488505E-02,-115.116
137,138,1,RR,1720.7263,0.0,0.711012E-02,-38.729
138,139,1,RR,1720.7257,0.0,0.388912E-02,-50.646
139,140,1,RR,1720.7251,0.0,0.215065E-02,-86.73200000000001
140,141,1,RR,1720.7245,0.0,0.274243E-02,25.441999999999997
141,142,1,RR,1720.7239,0.0,0.593727E-02,-48.042
142,143,1,RR,1720.7233,0.0,0.815971E-03,176.493
143,144,1,RR,1720.7226,0.0,0.343734E-02,-14.113
144,145,1,RR,1720.722,0.0,0.515734E-02,110.535
145,146,1,RR,1720.7214,0.0,0.485301E-02,85.448
146,147,1,RR,1720.7208,0.0,0.338251E-02,-32.535
147,148,1,RR,1720.7202,0.0,0.126777E-02,-155.045
148,149,1,RR,1720.7196,0.0,0.242343E-02,17.179000000000002
149,150,1,RR,1720.719,0.0,0.144502E-02,-22.421
150,151,1,RR,1720.7184,0.0,0.492127E-02,38.523
151,152,1,RR,1720.7178,0.0,0.412120E-02,-34.302
152,153,1,RR,1720.7172,0.0,0.843669E-02,-175.628
153,154,1,RR,1720.7165,0.0,0.319111E-02,63.661
154,155,1,RR,1720.7159,0.0,0.240323E-02,82.265
155,156,1,RR,1720.7153,0.0,0.110369E-01,-93.289
156,157,1,RR,1720.7147,0.0,0.939891E-02,23.307
157,158,1,RR,1720.7141,0.0,0.277356E-02,-129.761
158,159,1,RR,1720.7135,0.0,0.651908E-02,-101.42299999999999
159,160,1,RR,1720.7129,0.0,0.366413E-02,-85.046
160,161,1,RR,1720.7123,0.0,0.300233E-02,85.366
161,162,1,RR,1720.7117,0.0,0.801949E-02,-123.666
162,163,1,RR,1720.711,0.0,0.332546E-02,-10.93
163,164,1,RR,1720.7104,0.0,0.266860E-02,-131.164
164,165,1,RR,1720.7098,0.0,0.198937E-02,-128.86700000000002
165,166,1,RR,1720.7092,0.0,0.640795E-02,-159.851
166,167,1,RR,1720.7086,0.0,0.389548E-02,-23.943
167,168,1,RR,1720.708,0.0,0.182596E-02,30.541999999999998
168,169,1,RR,1720.7074,0.0,0.143181E-02,141.827
169,170,1,RR,1720.7068,0.0,0.919563E-02,85.071
170,171,1,RR,1720.7062,0.0,0.623714E-02,-163.347
171,172,1,RR,1720.7056,0.0,0.113178E-01,-21.173000000000002
172,173,1,RR,1720.7049,0.0,0.569974E-02,-131.53
173,174,1,RR,1720.7043,0.0,0.453647E-02,-179.226
174,175,1,RR,1720.7037,0.0,0.454557E-02,166.092
175,176,1,RR,1720.7031,0.0,0.290718E-02,129.125
176,177,1,RR,1720.7025,0.0,0.326498E-02,134.852
177,178,1,RR,1720.7019,0.0,0.459246E-02,-28.851
178,179,1,RR,1720.7013,0.0,0.838069E-02,-145.645
179,180,1,RR,1720.7007,0.0,0.752693E-02,-122.381
180,181,1,RR,1720.7001,0.0,0.392659E-02,-89.705
181,182,1,RR,1720.6995,0.0,0.974828E-02,-122.416
182,183,1,RR,1720.6988,0.0,0.376241E-02,79.118
183,184,1,RR,1720.6982,0.0,0.286274E-02,-32.904
184,185,1,RR,1720.6976,0.0,0.307176E-02,41.443000000000005
185,186,1,RR,1720.697,0.0,0.584594E-02,-107.99799999999999
186,187,1,RR,1720.6964,0.0,0.548524E-02,-57.821999999999996
187,188,1,RR,1720.6958,0.0,0.745528E-02,36.361999999999995
188,189,1,RR,1720.6952,0.0,0.472962E-02,-160.903
189,190,1,RR,1720.6946,0.0,0.365986E-02,69.569
190,191,1,RR,1720.694,0.0,0.411019E-02,122.524
191,192,1,RR,1720.6933,0.0,0.239355E-02,-83.79
192,193,1,RR,1720.6927,0.0,0.481308E-02,-138.746
193,194,1,RR,1720.6921,0.0,0.247502E-02,-29.514
194,195,1,RR,1720.6915,0.0,0.722613E-02,-91.66
195,196,1,RR,1720.6909,0.0,0.188839E-02,175.325
196,197,1,RR,1720.6903,0.0,0.305953E-02,167.84599999999998
197,198,1,RR,1720.6897,0.0,0.201323E-02,-134.689
198,199,1,RR,1720.6891,0.0,0.704320E-02,-89.544
199,200,1,RR,1720.6885,0.0,0.219337E-03,12.964
200,201,1,RR,1720.6879,0.0,0.850422E-02,165.95
201,202,1,RR,1720.6872,0.0,0.766698E-02,-118.954
202,203,1,RR,1720.6866,0.0,0.646450E-02,-99.656
203,204,1,RR,1720.686,0.0,0.329749E-02,-37.578
204,205,1,RR,1720.6854,0.0,0.409345E-02,85.36200000000001
205,206,1,RR,1720.6848,0.0,0.781868E-02,-153.114
206,207,1,RR,1720.6842,0.0,0.776381E-02,-61.227
207,208,1,RR,1720.6836,0.0,0.284748E-02,59.669
208,209,1,RR,1720.683,0.0,0.149938E-02,-32.855
209,210,1,RR,1720.6824,0.0,0.356903E-02,-163.158
210,211,1,RR,1720.6818,0.0,0.343436E-02,170.375
211,212,1,RR,1720.6811,0.0,0.294362E-02,94.83200000000001
212,213,1,RR,1720.6805,0.0,0.582796E-02,-28.508000000000003
213,214,1,RR,1720.6799,0.0,0.476706E-02,-159.597
214,215,1,RR,1720.6793,0.0,0.398106E-02,134.945
215,216,1,RR,1720.6787,0.0,0.818201E-02,67.429
216,217,1,RR,1720.6781,0.0,0.896044E-03,60.508
217,218,1,RR,1720.6775,0.0,0.582913E-02,111.795
218,219,1,RR,1720.6769,0.0,0.538428E-02,-19.035999999999998
219,220,1,RR,1720.6763,0.0,0.660600E-02,44.35
220,221,1,RR,1720.6756,0.0,0.510238E-02,-161.898
221,222,1,RR,1720.675,0.0,0.101853E-01,-168.291
222,223,1,RR,1720.6744,0.0,0.395823E-02,-158.984
223,224,1,RR,1720.6738,0.0,0.912121E-02,-110.85700000000001
224,225,1,RR,1720.6732,0.0,0.631655E-02,114.072
225,226,1,RR,1720.6726,0.0,0.453852E-02,-30.294
226,227,1,RR,1720.672,0.0,0.180112E-02,-35.538000000000004
227,228,1,RR,1720.6714,0.0,0.546066E-02,-83.02
228,229,1,RR,1720.6708,0.0,0.812685E-02,-41.693000000000005
229,230,1,RR,1720.6702,0.0,0.116582E-02,164.525
230,231,1,RR,1720.6695,0.0,0.341186E-02,-120.14200000000001
231,232,1,RR,1720.6689,0.0,0.139297E-02,61.646
232,233,1,RR,1720.6683,0.0,0.246491E-02,-163.671
233,234,1,RR,1720.6677,0.0,0.532932E-02,-108.77
234,235,1,RR,1720.6671,0.0,0.594085E-03,-143.505
235,236,1,RR,1720.6665,0.0,0.479871E-02,-92.865
236,237,1,RR,1720.6659,0.0,0.327208E-02,122.059
237,238,1,RR,1720.6653,0.0,0.519169E-02,-137.533
238,239,1,RR,1720.6647,0.0,0.302033E-02,-158.293
239,240,1,RR,1720.6641,0.0,0.299796E-02,69.89
240,241,1,RR,1720.6634,0.0,0.248127E-02,125.536
241,242,1,RR,1720.6628,0.0,0.256291E-02,-127.774
242,243,1,RR,1720.6622,0.0,0.729523E-02,-162.122
243,244,1,RR,1720.6616,0.0,0.275085E-03,127.098
244,245,1,RR,1720.661,0.0,0.944218E-02,-91.354
245,246,1,RR,1720.6604,0.0,0.596306E-02,-44.148999999999994
246,247,1,RR,1720.6598,0.0,0.588566E-02,158.954
247,248,1,RR,1720.6592,0.0,0.188593E-02,80.015
248,249,1,RR,1720.6586,0.0,0.495393E-02,-56.417
249,250,1,RR,1720.6579,0.0,0.426560E-02,-82.47399999999999
250,251,1,RR,1720.6573,0.0,0.440775E-02,-41.006
251,252,1,RR,1720.6567,0.0,0.653311E-02,86.565
252,253,1,RR,1720.6561,0.0,0.672751E-02,85.344
253,254,1,RR,1720.6555,0.0,0.363954E-02,-47.041000000000004
254,255,1,RR,1720.6549,0.0,0.600990E-02,27.156
255,256,1,RR,1720.6543,0.0,0.898898E-02,-25.581
256,257,1,RR,1720.6537,0.0,0.230506E-01,-37.836
257,258,1,RR,1720.6531,0.0,0.145835E-01,-5.478
258,259,1,RR,1720.6525,0.0,0.923525E-02,17.278
259,260,1,RR,1720.6518,0.0,0.738706E-02,-24.24
260,261,1,RR,1720.6512,0.0,0.274369E-02,-15.888
261,262,1,RR,1720.6506,0.0,0.252171E-02,-70.533
262,263,1,RR,1720.65,0.0,0.363288E-02,-32.187
263,264,1,RR,1720.6494,0.0,0.567132E-02,-118.76899999999999
264,265,1,RR,1720.6488,0.0,0.148464E-01,-109.92399999999999
265,266,1,RR,1720.6482,0.0,0.671325E-02,-75.828
266,267,1,RR,1720.6476,0.0,0.425495E-02,-20.756999999999998
267,268,1,RR,1720.647,0.0,0.980649E-03,-134.942
268,269,1,RR,1720.6464,0.0,0.735016E-02,156.535
269,270,1,RR,1720.6457,0.0,0.390661E-02,-119.462
270,271,1,RR,1720.6451,0.0,0.687488E-02,160.987
271,272,1,RR,1720.6445,0.0,0.202006E-02,-148.379
272,273,1,RR,1720.6439,0.0,0.497189E-02,-104.228
273,274,1,RR,1720.6433,0.0,0.327521E-02,-101.492
274,275,1,RR,1720.6427,0.0,0.623592E-02,22.568
275,276,1,RR,1720.6421,0.0,0.686231E-02,-178.44
276,277,1,RR,1720.6415,0.0,0.218351E-02,-73.538
277,278,1,RR,1720.6409,0.0,0.131024E-01,-28.644000000000002
278,279,1,RR,1720.6402,0.0,0.219745E-02,-156.304
279,280,1,RR,1720.6396,0.0,0.804970E-02,-52.318000000000005
280,281,1,RR,1720.639,0.0,0.720928E-02,-93.305
281,282,1,RR,1720.6384,0.0,0.281400E-02,121.49600000000001
282,283,1,RR,1720.6378,0.0,0.351450E-02,-18.073
283,284,1,RR,1720.6372,0.0,0.551049E-02,-45.809
284,285,1,RR,1720.6366,0.0,0.616238E-02,-129.894
285,286,1,RR,1720.636,0.0,0.337583E-02,-152.746
286,287,1,RR,1720.6354,0.0,0.576468E-02,-151.471
287,288,1,RR,1720.6348,0.0,0.612919E-02,-115.07600000000001
288,289,1,RR,1720.6341,0.0,0.656216E-02,-32.498000000000005
289,290,1,RR,1720.6335,0.0,0.495458E-02,91.65
290,291,1,RR,1720.6329,0.0,0.357680E-02,-25.697
291,292,1,RR,1720.6323,0.0,0.547837E-02,-11.709000000000001
292,293,1,RR,1720.6317,0.0,0.108121E-01,-134.556
293,294,1,RR,1720.6311,0.0,0.507588E-02,-61.702
294,295,1,RR,1720.6305,0.0,0.215449E-02,65.675
295,296,1,RR,1720.6299,0.0,0.351693E-02,-90.101
296,297,1,RR,1720.6293,0.0,0.190110E-02,-164.796
297,298,1,RR,1720.6286,0.0,0.429205E-02,15.883
298,299,1,RR,1720.628,0.0,0.368952E-02,137.37
299,300,1,RR,1720.6274,0.0,0.556404E-02,171.861
300,301,1,RR,1720.6268,0.0,0.398282E-02,54.772
301,302,1,RR,1720.6262,0.0,0.439046E-02,160.444
302,303,1,RR,1720.6256,0.0,0.431139E-02,154.037
303,304,1,RR,1720.625,0.0,0.404886E-02,-157.33
304,305,1,RR,1720.6244,0.0,0.669053E-02,40.897
305,306,1,RR,1720.6238,0.0,0.235980E-02,-36.173
306,307,1,RR,1720.6232,0.0,0.481942E-02,42.798
307,308,1,RR,1720.6225,0.0,0.313136E-02,-159.689
308,309,1,RR,1720.6219,0.0,0.207256E-02,-150.235
309,310,1,RR,1720.6213,0.0,0.750752E-03,165.297
310,311,1,RR,1720.6207,0.0,0.104039E-01,-33.326
311,312,1,RR,1720.6201,0.0,0.359102E-02,-65.562
312,313,1,RR,1720.6195,0.0,0.285419E-02,130.381
313,314,1,RR,1720.6189,0.0,0.359882E-02,-137.25799999999998
314,315,1,RR,1720.6183,0.0,0.340638E-02,114.171
315,316,1,RR,1720.6177,0.0,0.275693E-02,46.17100000000001
316,317,1,RR,1720.6171,0.0,0.499302E-02,150.83100000000002
317,318,1,RR,1720.6164,0.0,0.539317E-02,16.75
318,319,1,RR,1720.6158,0.0,0.832773E-02,179.292
319,320,1,RR,1720.6152,0.0,0.352858E-02,-68.063
320,321,1,RR,1720.6146,0.0,0.130774E-02,-49.538999999999994
321,322,1,RR,1720.614,0.0,0.326715E-02,-102.304
322,323,1,RR,1720.6134,0.0,0.356930E-02,-3.5010000000000003
323,324,1,RR,1720.6128,0.0,0.752937E-02,-168.767
324,325,1,RR,1720.6122,0.0,0.228683E-02,76.093
325,326,1,RR,1720.6116,0.0,0.904749E-02,34.946
326,327,1,RR,1720.6109,0.0,0.950462E-02,-138.873
327,328,1,RR,1720.6103,0.0,0.483773E-02,58.817
328,329,1,RR,1720.6097,0.0,0.114425E-02,-67.685
329,330,1,RR,1720.6091,0.0,0.609962E-02,-162.732
330,331,1,RR,1720.6085,0.0,0.226287E-02,-177.642
331,332,1,RR,1720.6079,0.0,0.764461E-02,69.693
332,333,1,RR,1720.6073,0.0,0.147793E-02,100.34100000000001
333,334,1,RR,1720.6067,0.0,0.399378E-02,169.53900000000002
334,335,1,RR,1720.6061,0.0,0.616440E-02,-168.28099999999998
335,336,1,RR,1720.6055,0.0,0.379944E-02,-162.77700000000002
336,337,1,RR,1720.6048,0.0,0.718783E-02,165.168
337,338,1,RR,1720.6042,0.0,0.211930E-02,2.2680000000000002
338,339,1,RR,1720.6036,0.0,0.501701E-02,-116.17
339,340,1,RR,1720.603,0.0,0.418571E-02,-7.127999999999999
340,341,1,RR,1720.6024,0.0,0.288691E-02,138.476
341,342,1,RR,1720.6018,0.0,0.493723E-02,176.861
342,343,1,RR,1720.6012,0.0,0.424136E-02,20.027
343,344,1,RR,1720.6006,0.0,0.442033E-02,-41.854
344,345,1,RR,1720.6,0.0,0.268019E-02,-146.475
345,346,1,RR,1720.5994,0.0,0.196274E-02,151.752
346,347,1,RR,1720.5987,0.0,0.734572E-02,-121.115
347,348,1,RR,1720.5981,0.0,0.384246E-02,96.71
348,349,1,RR,1720.5975,0.0,0.153756E-02,-167.688
349,350,1,RR,1720.5969,0.0,0.544669E-02,-69.05
350,351,1,RR,1720.5963,0.0,0.420925E-02,-17.683
351,352,1,RR,1720.5957,0.0,0.775700E-02,172.055
352,353,1,RR,1720.5951,0.0,0.343742E-02,-79.671
353,354,1,RR,1720.5945,0.0,0.252280E-02,-48.777
354,355,1,RR,1720.5939,0.0,0.656823E-02,18.63
355,356,1,RR,1720.5932,0.0,0.801877E-02,-135.755
356,357,1,RR,1720.5926,0.0,0.607116E-02,-89.774
357,358,1,RR,1720.592,0.0,0.331071E-02,128.95
358,359,1,RR,1720.5914,0.0,0.305040E-02,33.898
359,360,1,RR,1720.5908,0.0,0.244211E-02,-170.856
360,361,1,RR,1720.5902,0.0,0.591793E-02,-46.812
361,362,1,RR,1720.5896,0.0,0.647571E-02,-52.683
362,363,1,RR,1720.589,0.0,0.269004E-02,174.377
363,364,1,RR,1720.5884,0.0,0.322103E-02,-71.285
364,365,1,RR,1720.5878,0.0,0.536124E-02,-149.503
365,366,1,RR,1720.5871,0.0,0.463899E-02,-140.468
366,367,1,RR,1720.5865,0.0,0.125597E-02,93.3
367,368,1,RR,1720.5859,0.0,0.177068E-02,-46.426
368,369,1,RR,1720.5853,0.0,0.113289E-02,42.74
369,370,1,RR,1720.5847,0.0,0.544718E-02,-109.155
370,371,1,RR,1720.5841,0.0,0.389349E-02,150.018
371,372,1,RR,1720.5835,0.0,0.404435E-02,-150.222
372,373,1,RR,1720.5829,0.0,0.532478E-02,177.93900000000002
373,374,1,RR,1720.5823,0.0,0.573644E-03,-147.746
374,375,1,RR,1720.5817,0.0,0.464307E-02,-76.994
375,376,1,RR,1720.581,0.0,0.426896E-02,-91.85600000000001
376,377,1,RR,1720.5804,0.0,0.305060E-02,29.64
377,378,1,RR,1720.5798,0.0,0.332619E-02,-167.205
378,379,1,RR,1720.5792,0.0,0.510709E-02,-160.85
379,380,1,RR,1720.5786,0.0,0.412128E-02,-173.593
380,381,1,RR,1720.578,0.0,0.181688E-02,-136.496
381,382,1,RR,1720.5774,0.0,0.530129E-02,77.76100000000001
382,383,1,RR,1720.5768,0.0,0.603117E-02,-97.277
383,384,1,RR,1720.5762,0.0,0.303105E-02,-82.67299999999999
384,385,1,RR,1720.5755,0.0,0.350089E-02,101.635
385,386,1,RR,1720.5749,0.0,0.285834E-02,-65.40100000000001
386,387,1,RR,1720.5743,0.0,0.581074E-02,-70.595
387,388,1,RR,1720.5737,0.0,0.376523E-02,-98.898
388,389,1,RR,1720.5731,0.0,0.327779E-02,-72.766
389,390,1,RR,1720.5725,0.0,0.203316E-02,149.092
390,391,1,RR,1720.5719,0.0,0.472373E-02,170.079
391,392,1,RR,1720.5713,0.0,0.747808E-02,-115.18
392,393,1,RR,1720.5707,0.0,0.236264E-02,-144.99
393,394,1,RR,1720.5701,0.0,0.511382E-02,-68.918
394,395,1,RR,1720.5694,0.0,0.282401E-02,-124.932
395,396,1,RR,1720.5688,0.0,0.528727E-02,-92.37100000000001
396,397,1,RR,1720.5682,0.0,0.220381E-02,-17.226
397,398,1,RR,1720.5676,0.0,0.526519E-02,-31.343000000000004
398,399,1,RR,1720.567,0.0,0.214236E-02,-154.364
399,400,1,RR,1720.5664,0.0,0.730855E-02,-52.306000000000004
400,401,1,RR,1720.5658,0.0,0.466531E-02,-131.841
401,402,1,RR,1720.5652,0.0,0.226757E-02,-159.811
402,403,1,RR,1720.5646,0.0,0.490833E-02,-36.121
403,404,1,RR,1720.564,0.0,0.106983E-02,-1.761
404,405,1,RR,1720.5633,0.0,0.256860E-02,53.074
405,406,1,RR,1720.5627,0.0,0.860277E-02,145.054
406,407,1,RR,1720.5621,0.0,0.451082E-02,141.77200000000002
407,408,1,RR,1720.5615,0.0,0.619125E-02,174.17
408,409,1,RR,1720.5609,0.0,0.343680E-02,-169.865
409,410,1,RR,1720.5603,0.0,0.309403E-02,-38.275999999999996
410,411,1,RR,1720.5597,0.0,0.323321E-02,-158.744
411,412,1,RR,1720.5591,0.0,0.249853E-02,-70.564
412,413,1,RR,1720.5585,0.0,0.436336E-02,-168.09099999999998
413,414,1,RR,1720.5578,0.0,0.813965E-03,5.167000000000001
414,415,1,RR,1720.5572,0.0,0.122641E-02,-101.367
415,416,1,RR,1720.5566,0.0,0.836857E-02,-128.834
416,417,1,RR,1720.556,0.0,0.166397E-02,-157.809
417,418,1,RR,1720.5554,0.0,0.769501E-02,-10.571
418,419,1,RR,1720.5548,0.0,0.221760E-02,-142.868
419,420,1,RR,1720.5542,0.0,0.843578E-02,-123.678
420,421,1,RR,1720.5536,0.0,0.330802E-02,-76.16
421,422,1,RR,1720.553,0.0,0.326067E-02,110.27799999999999
422,423,1,RR,1720.5524,0.0,0.188042E-02,-49.231
423,424,1,RR,1720.5517,0.0,0.413137E-02,-29.914
424,425,1,RR,1720.5511,0.0,0.717127E-03,134.7
425,426,1,RR,1720.5505,0.0,0.684715E-03,-26.313000000000002
426,427,1,RR,1720.5499,0.0,0.654698E-02,-150.922
427,428,1,RR,1720.5493,0.0,0.515883E-02,-131.326
428,429,1,RR,1720.5487,0.0,0.573027E-02,-1.557
429,430,1,RR,1720.5481,0.0,0.540241E-02,-133.088
430,431,1,RR,1720.5475,0.0,0.748589E-02,177.204
431,432,1,RR,1720.5469,0.0,0.347276E-02,148.923
432,433,1,RR,1720.5463,0.0,0.215783E-02,-58.00899999999999
433,434,1,RR,1720.5456,0.0,0.311973E-02,-20.605999999999998
434,435,1,RR,1720.545,0.0,0.157035E-02,-38.771
435,436,1,RR,1720.5444,0.0,0.619952E-02,-54.052
436,437,1,RR,1720.5438,0.0,0.404537E-02,-80.146
437,438,1,RR,1720.5432,0.0,0.513654E-02,-149.623
438,439,1,RR,1720.5426,0.0,0.610851E-02,-91.61399999999999
439,440,1,RR,1720.542,0.0,0.780606E-02,140.829
440,441,1,RR,1720.5414,0.0,0.129384E-02,28.985
441,442,1,RR,1720.5408,0.0,0.200790E-02,142.58
442,443,1,RR,1720.5401,0.0,0.698380E-02,138.78799999999998
443,444,1,RR,1720.5395,0.0,0.129125E-02,12.025
444,445,1,RR,1720.5389,0.0,0.981072E-02,-9.208
445,446,1,RR,1720.5383,0.0,0.412721E-02,-126.74
446,447,1,RR,1720.5377,0.0,0.218379E-02,157.812
447,448,1,RR,1720.5371,0.0,0.479521E-02,122.633
448,449,1,RR,1720.5365,0.0,0.390074E-02,-156.989
449,450,1,RR,1720.5359,0.0,0.475860E-02,-139.877
450,451,1,RR,1720.5353,0.0,0.537003E-02,-53.951
451,452,1,RR,1720.5347,0.0,0.565188E-02,-102.859
452,453,1,RR,1720.534,0.0,0.612973E-02,-139.606
453,454,1,RR,1720.5334,0.0,0.696079E-02,119.245
454,455,1,RR,1720.5328,0.0,0.415660E-02,-179.653
455,456,1,RR,1720.5322,0.0,0.215582E-02,-176.192
456,457,1,RR,1720.5316,0.0,0.125453E-02,9.703
457,458,1,RR,1720.531,0.0,0.605168E-02,2.5380000000000003
458,459,1,RR,1720.5304,0.0,0.448725E-02,97.74
459,460,1,RR,1720.5298,0.0,0.572656E-02,31.035
460,461,1,RR,1720.5292,0.0,0.474592E-02,-132.336
461,462,1,RR,1720.5286,0.0,0.552932E-02,7.872000000000001
462,463,1,RR,1720.5279,0.0,0.242742E-02,-89.052
463,464,1,RR,1720.5273,0.0,0.557593E-02,-168.497
464,465,1,RR,1720.5267,0.0,0.656875E-02,-54.41
465,466,1,RR,1720.5261,0.0,0.462144E-02,-138.171
466,467,1,RR,1720.5255,0.0,0.361607E-02,-88.84200000000001
467,468,1,RR,1720.5249,0.0,0.852114E-02,-172.981
468,469,1,RR,1720.5243,0.0,0.180264E-02,-79.366
469,470,1,RR,1720.5237,0.0,0.254241E-02,-0.698
470,471,1,RR,1720.5231,0.0,0.420670E-02,-77.51
471,472,1,RR,1720.5224,0.0,0.393803E-02,124.52
472,473,1,RR,1720.5218,0.0,0.618016E-02,-96.069
473,474,1,RR,1720.5212,0.0,0.243751E-02,28.090999999999998
474,475,1,RR,1720.5206,0.0,0.282961E-02,-119.626
475,476,1,RR,1720.52,0.0,0.217736E-02,93.185
476,477,1,RR,1720.5194,0.0,0.336082E-02,-0.449
477,478,1,RR,1720.5188,0.0,0.742622E-03,-69.225
478,479,1,RR,1720.5182,0.0,0.244859E-02,176.66400000000002
479,480,1,RR,1720.5176,0.0,0.187424E-02,147.613
480,481,1,RR,1720.517,0.0,0.290360E-02,-77.083
481,482,1,RR,1720.5163,0.0,0.246788E-02,-40.945
482,483,1,RR,1720.5157,0.0,0.190735E-02,-168.637
483,484,1,RR,1720.5151,0.0,0.165665E-02,-44.395
484,485,1,RR,1720.5145,0.0,0.272981E-02,-65.673
485,486,1,RR,1720.5139,0.0,0.114355E-02,-27.65
486,487,1,RR,1720.5133,0.0,0.208641E-03,-155.49200000000002
487,488,1,RR,1720.5127,0.0,0.694410E-03,-34.259
488,489,1,RR,1720.5121,0.0,0.186718E-02,-78.402
489,490,1,RR,1720.5115,0.0,0.677772E-03,-145.224
490,491,1,RR,1720.5109,0.0,0.723218E-03,155.505
491,492,1,RR,1720.5102,0.0,0.395928E-03,92.012
492,493,1,RR,1720.5096,0.0,0.193357E-02,-97.475
493,494,1,RR,1720.509,0.0,0.922517E-03,-118.796
494,495,1,RR,1720.5084,0.0,0.322910E-03,90.01100000000001
495,496,1,RR,1720.5078,0.0,0.113153E-02,121.205
496,497,1,RR,1720.5072,0.0,0.888062E-03,-25.108
497,498,1,RR,1720.5066,0.0,0.979434E-03,-33.97
498,499,1,RR,1720.506,0.0,0.134910E-02,-130.657
499,500,1,RR,1720.5054,0.0,0.167229E-02,-19.552
500,501,1,RR,1720.5047,0.0,0.134274E-02,-21.898000000000003
501,502,1,RR,1720.5041,0.0,0.116368E-02,54.946000000000005
502,503,1,RR,1720.5035,0.0,0.100771E-02,-71.664
503,504,1,RR,1720.5029,0.0,0.678505E-03,-69.505
504,505,1,RR,1720.5023,0.0,0.811546E-03,71.067
505,506,1,RR,1720.5017,0.0,0.473397E-03,-78.675
506,507,1,RR,1720.5011,0.0,0.118988E-02,-159.246
507,508,1,RR,1720.5005,0.0,0.943659E-03,72.812
508,509,1,RR,1720.4999,0.0,0.222897E-02,-82.959
509,510,1,RR,1720.4993,0.0,0.960005E-04,-67.273
510,511,1,RR,1720.4986,0.0,0.843413E-03,-105.919
511,512,1,RR,1720.498,0.0,0.780978E-03,-0.122
